-2.304611913859844208e-02
-9.711226448416709900e-03
-5.269027315080165863e-03
0.000000000000000000e+00
1.247927453368902206e-02
5.694829858839511871e-03
-9.175004437565803528e-03
2.039451524615287781e-02
-1.130336523056030273e-02
1.824305206537246704e-02
4.349595867097377777e-03
2.353270165622234344e-02
-1.242136489599943161e-02
0.000000000000000000e+00
-4.351609852164983749e-03
9.630271233618259430e-03
1.793212443590164185e-02
2.908856049180030823e-02
0.000000000000000000e+00
-1.075703278183937073e-02
-1.402187813073396683e-02
-1.656445674598217010e-02
1.087346021085977554e-02
-1.488424371927976608e-03
6.435786373913288116e-03
3.372613107785582542e-03
-1.064347961801104248e-04
-7.344213780015707016e-03
2.806302346289157867e-02
8.636957965791225433e-03
3.557254327461123466e-03
-1.117633748799562454e-02
