-8.304585702717304230e-03
-1.467544119805097580e-02
-5.946031305938959122e-03
-1.611075713299214840e-04
-4.855426494032144547e-03
0.000000000000000000e+00
-1.760709658265113831e-02
1.256820978596806526e-03
0.000000000000000000e+00
-6.004556547850370407e-03
-1.500262320041656494e-02
2.166574262082576752e-02
-3.930530976504087448e-03
1.281528733670711517e-02
4.349973052740097046e-03
8.403832092881202698e-03
2.074972167611122131e-02
3.207951318472623825e-03
-1.221579033881425858e-02
0.000000000000000000e+00
-1.171847805380821228e-02
1.121864467859268188e-02
-6.800742819905281067e-03
7.953190244734287262e-03
-9.712050086818635464e-04
1.759860478341579437e-02
-3.784493776038289070e-03
0.000000000000000000e+00
3.081758320331573486e-02
-1.677097193896770477e-02
-7.539882790297269821e-03
-1.467476878315210342e-02
