-4.570242948830127716e-03
-1.815843768417835236e-02
-1.488081365823745728e-02
0.000000000000000000e+00
-7.606252562254667282e-03
4.488193616271018982e-02
4.554914683103561401e-02
-2.393030375242233276e-02
-1.306623406708240509e-02
-2.020235359668731689e-02
1.610723510384559631e-02
-7.259605918079614639e-03
5.551106296479701996e-03
9.869463741779327393e-03
-1.637245528399944305e-02
-2.961268089711666107e-02
1.210994180291891098e-02
1.027384679764509201e-02
2.250859048217535019e-03
-1.335754711180925369e-02
-6.462982273660600185e-04
0.000000000000000000e+00
3.261395171284675598e-02
-1.185002923011779785e-02
1.334908045828342438e-02
0.000000000000000000e+00
1.826999895274639130e-02
-1.660674251616001129e-02
-1.682556234300136566e-02
-1.815208233892917633e-02
1.615719683468341827e-02
-3.813693299889564514e-03
