-6.165124010294675827e-03
-1.437204983085393906e-02
-5.313279572874307632e-03
1.237423066049814224e-02
1.129719894379377365e-02
0.000000000000000000e+00
-1.122699026018381119e-02
-1.473251613788306713e-03
1.179223973304033279e-02
1.676842384040355682e-02
-9.484859183430671692e-03
0.000000000000000000e+00
-4.228124860674142838e-03
2.448213286697864532e-02
-1.039537973701953888e-02
1.382160652428865433e-02
0.000000000000000000e+00
-5.162244662642478943e-03
1.110354345291852951e-02
0.000000000000000000e+00
0.000000000000000000e+00
3.587268525734543800e-03
-8.327464573085308075e-03
0.000000000000000000e+00
0.000000000000000000e+00
-1.739850454032421112e-02
0.000000000000000000e+00
0.000000000000000000e+00
1.389724202454090118e-02
1.447972026653587818e-04
5.792058538645505905e-03
1.477723754942417145e-02
